0.8849331915291829
0.8829392581339145
0.8871688308877418
0.8857963837921261
0.8862931634904953
0.8867336649133288
0.8874205177047797
0.8841636193290814
0.8850054299772381
0.8901506392136055
0.8845943968477296
0.8798821125650248
0.8827837619164178
0.8799644319045206
0.8877621083690667
0.8853601874458676
0.8870063314395842
0.884522466655629
0.8847600407348626
0.8846663808653716
0.8821572273217454
0.8844865217105571
0.8853674410965426
0.8880377690978543
0.8897774039776306
0.8844074900372729
0.8836135903949495
0.8810061716288657
0.8869030679215204
0.8862858390864553
0.886007928852277
0.8842639619820023
0.8816253676126695
0.8820940929992543
0.8835352694721026
0.8888997653399826
0.8870580055106044
0.8894359561974265
0.8786757402624038
0.8893224187308095
0.8915658259033905
0.894993702949141
0.8835210361034869
0.8799026860042969
0.8813396358415938
0.8883217253705846
0.8853674410965426
0.8834925756354437
0.8934611327697412
0.8829675568812553
0.8795330139414375
0.8757512832232857
0.8751410303029205
0.8820099772008724
0.8701847545307466
0.8848393627619409
0.8805356856895892
0.8779332819279505
0.8733253020531538
0.866055234385476
0.872111096990549
0.8899143359601037
0.8967664195618826
0.895826844194068
0.8878439771217727
0.8833575023774866
0.8795056853857884
0.8948006895087058
0.8873686449174157
0.879069444402655
0.8785335732432726
0.8598600567432148
0.8834996899690617
0.884529657255756
0.8822204024138498
0.8769961862190787
0.898324448590716
0.891264041050897
0.9390949505009719
0.8824735118874775
0.8856507635649752
0.8671712869717989
0.8664701433747297
0.8825298476311498
0.8619040580320442
0.8653493429862043
0.8893451151320558
0.8675114121396367
0.8539789519542047
0.8691172260194515
0.8681153561768489
0.864932751578025
0.8640394880580612
0.8831162605383927
0.8894283827159379
0.8718953030014387
0.8700538384676914
0.8731583074348411
0.8749318892894113
0.8766835272038717
0.8754358592179183
0.870215948946675
0.873589187865751
0.8783105744709889
0.8749253605011755
0.8636513343544772
0.8642222785367699
0.8674688375417137
0.8659772409901323
0.8775774998520548
0.8721746507636088
0.8640218148462425
0.8682255312124217
0.8654686628425776
0.8611266995991573
0.8672198104167198
0.8667536779525242
0.8658693427868723
0.8674749185933434
0.8654567249573296
0.8687288831247956
0.8664219562676001
0.8657136792561999
0.8622571042758107
0.8587647769205223
0.8598657302860143
0.8588434616783946
0.8614484992593197
0.8659232784533719
0.864843689013968
0.8559514810758514
0.8568870570570966
0.8630366317996069
0.8601611512738355
0.8613794637263057
0.8600190246576357
0.8590066265670127
0.8606228864121023
0.86076578372719
0.8611496544350975
0.8626927282238688
0.8573355478542077
0.8533878165899329
0.8594240536584492
0.8624021214740523
0.8588434616783946
0.8587591586821104
0.8586131826562238
0.8571581548752254
0.8584898118468512
0.859395800244698
0.8580144138712682
0.8533395842103091
0.856842857445461
0.8536615131961561
0.8505234130051003
0.8522888165889997
0.8481006084493038
0.8446110060495156
0.8455404003137019
0.8481108576923689
0.8485884254674416
0.8478855778696127
0.8469176335428213
0.8466388950709145
0.8474108144770073
0.8476198859565531
0.8466237097850898
0.846613587329614
0.844109310568974
0.8451797857989516
0.8454351096512381
0.8450248524553504
0.8398998340547893
0.8390977842443572
0.8406637365683389
0.8431907856906649
0.8418745031803635
0.8407987513816306
0.8401395461224033
0.8386986952217408
0.8379703399085945
0.8367642201410166
0.8377865595507854
0.8358057540512545
0.8379609086890936
0.8405866515912014
0.8365169251607769
0.837091585187324
0.8310657042408753
0.8311818620901551
0.8339606351582236
0.831804648960916
0.8313742001002548
0.8318990026177169
0.8311773925383781
0.8291684651494358
0.8286064318004089
0.8294812722394362
0.8275634736799623
0.8278898628947866
0.8263047521895206
0.8269261099767041
0.8266236926259789
0.8250580049408491
0.82355707815701
0.8267748139096495
0.8251177159891443
0.8179108216107882
0.8199880859984866
0.8209809698922647
0.8192308635689236
0.8209065578319263
0.8187094285424418
0.8196887807194057
0.818758227528916
0.8195496053738991
0.8132230179492479
0.8120253451431327
0.8098739523636984
0.8117971011932497
0.8162676781373307
0.8155666664501682
0.8115383644872297
0.81005705792086
0.8112531560649641
0.8110300236983691
0.8121221724059673
0.8101448813890885
0.8072492781410094
0.8073166390276443
0.8073765424817358
0.8071520360190136
0.8064620539580529
0.8062167136044311
0.8032034910578283
0.8041044175506108
0.8038960044722598
0.8053133810630219
0.8056200146903555
0.8051363535538119
0.8048896220941472
0.8034800923134318
0.8045882356099135
0.8035274595366093
0.8049043402763917
0.8044451176684128
0.8033490037128492
0.8034837353865597
0.8036696558504077
0.7993260230138501
0.8000853586295771
0.7994463982193047
0.8014759949621493
0.7992128203545705
0.7962343580596163
0.7945021243138302
0.7972773818166308
0.7969497623594063
0.7931526492524623
0.7928679833637937
0.7960058921667295
0.7960197283968313
0.7957639703703725
0.7972076136582656
0.7958952495593599
0.7955224489748993
0.7961616255156747
0.7954087272990704
0.7922665751173155
0.7936351267716208
0.7931797890361283
0.7958019600947968
0.7928713690071401
0.7971134797606332
0.7955293440444081
0.791141316001277
0.7960993122108264
0.7929695865523017
0.7998969257835524
0.7940952944434367
0.795619009588869
0.7961027733623424
0.7951609140937699
0.7964111455440316
0.7968070954535535
0.794642554618526
0.7936895898752777
0.7954707463274118
0.791711271848957
0.7923137880770286
0.7950028086416809
0.7892725625082508
0.7865873055220526
0.7829607206167791
0.7814192670319153
0.7768375057916515
0.7711596429144641
0.7672129976744013
0.7633319391418618
0.7617674967988216
0.7502925464382438
0.7428361980390337
0.7347138038891984
0.7287824991470677
0.7222087102058536
0.7061258501124177
0.6999687086251928
0.6914336672391233
0.6807966865774592
0.6701722062235455
0.661915778929197
0.6493146724464309
0.6227644512647292
0.61177672234136
0.6033836481001917
0.590372679026838
0.5802850717975279
0.5580057402329387
0.5440224021828907
0.5251842151728874
0.508650837899223
0.49047908640393056
0.46955301156233364
0.4539546150941891
0.4422282402751646
0.4187541893360299
0.39901849322977556
0.38555232495193015
0.3695996369910197
0.3522149909025476
0.3397939422856642
0.32719553020952863
0.30453538981347483
0.2855577822868234
0.27777040155004706
0.2670055539576113
0.25338105709750125
0.23789908971309193
0.22407248773022337
0.22407248773022337
0.22407248773022337
0.21926865668829842
0.22204150537325695
0.21668032559011197
0.21542002496682633
0.21046142383472466
0.20647501585709405
0.20541643867735226
0.20575907622488065
0.20544102435428746
0.20166227278415993
0.20007469571545267
0.1998740826311054
0.19789816983996733
0.19632090320926876
0.19364904895669
0.19537179039275943
0.1969651269314281
0.1953712348055907
0.1982577812476367
0.2011159501804607
0.2015292545491918
0.19966500214505967
0.19861579878211755
0.19900897407918539
0.2006986164900173
0.2032971181240133
0.20349312751816528
0.20446550647995698
0.2056447311691314
0.20512874125060465
0.20677489217290113
0.2090182262396909
0.21172100176505415
0.21382052601395385
