0.8493990277611767
0.84431768423001
0.8499234482700381
0.8490679214588833
0.8464466900457253
0.847676040672253
0.8516375266026723
0.8509006061813342
0.8469531559281627
0.8508061943122414
0.8468060603169203
0.8427145047924415
0.848233917504844
0.8469531559281627
0.8493368747363701
0.847451580173493
0.8561764195407935
0.8472377152896139
0.849466397078688
0.8461690426275572
0.8488253532775888
0.8477117892594443
0.8499859107515002
0.856920218029503
0.849279929796351
0.8508901122244874
0.8468973397680502
0.847120760763698
0.8476556177172936
0.8476045756199165
0.8473445998796918
0.8507537760462813
0.8497206732340881
0.8493524099317347
0.8468111295729194
0.8539197023493261
0.8486553354013356
0.8570142266162238
0.8505024932710372
0.8538174335721156
0.8506961429504467
0.8546706464125471
0.8518806735543322
0.845680931118963
0.8483930584094851
0.8538389563278797
0.8499963243816013
0.8408132260325356
0.8393550204382516
0.8395172581106651
0.842528425953555
0.8436442426294564
0.8353939066490681
0.8513211359472803
0.8416119655148566
0.8454551579267948
0.8428076506279336
0.8403124271741047
0.8501526392986634
0.8475484545181738
0.84032203877632
0.8453198967020792
0.8577356983035761
0.8564073043002123
0.8674384374494232
0.8429303193289085
0.8453449336352786
0.8518119068277745
0.8393407155369126
0.8295827664578587
0.8490730878813192
0.8534199826598321
0.8673229955224926
0.8649386916716858
0.854969138633652
0.8517537511838935
0.8560940736405714
0.8412966908629358
0.8661452966583729
0.8430138045489821
0.838093010687372
0.8328916755571953
0.849026598187187
0.8422010279142691
0.8172173929042694
0.8445562650268047
0.8572911736401836
0.8346155376140557
0.8363492285487535
0.8429745102686853
0.8491402718846044
0.8441340981933376
0.8356343731662134
0.8463810063231081
0.8644290227185687
0.8489388340466855
0.8498194175599245
0.852831683335106
0.8477986518968097
0.8468516913461855
0.8414566522493235
0.8391882324822774
0.8505077228557973
0.8506490096114783
0.8436886934296708
0.8375137443451407
0.8394981603003367
0.8468719773854314
0.8382677889633254
0.8383954847478136
0.8383907529391909
0.835412387808005
0.8424746138655841
0.8388838271684091
0.834872928217168
0.8397418781999848
0.8400723798783462
0.8457412088347194
0.8478293244137127
0.8466338330952597
0.8450997953826279
0.8422498377028759
0.8446956545371217
0.8420888391965632
0.839942947945612
0.842719405433781
0.83901215718155
0.8393025771979337
0.8459524188636411
0.8438270888527708
0.8422400741878618
0.8434025172852808
0.8440102106746996
0.8453699757661235
0.8446707517763052
0.8415779739461061
0.843570194051615
0.8468161990434557
0.8469125597766454
0.844551289797308
0.848028888443041
0.8474821635808837
0.8461085502043122
0.8457110662051773
0.8460632008593512
0.8451197880194383
0.8432793727351612
0.8429057757217605
0.8412482587910814
0.8442928590568892
0.8446707517763052
0.8460178686151887
0.8450648162300421
0.8457412088347194
0.8454852365924311
0.8443723175151518
0.8445960742246822
0.8398375849498165
0.8350248504320092
0.8337689265954574
0.8388315825446063
0.8405577571436806
0.8360516525558421
0.8372040218111805
0.8397753671447064
0.8387224146873358
0.8385327854763378
0.8378383676481831
0.836014505007122
0.83643304887225
0.8374620706406359
0.8343724167920973
0.837894910102618
0.8361399219635993
0.8350294569866792
0.836144569438012
0.84032203877632
0.8377394799247939
0.8354170085207007
0.8388600768895573
0.8373353256243687
0.8366661770445489
0.8380222243628686
0.8384617489541534
0.8389883823603562
0.840254773266596
0.8409918867387177
0.8390835089660126
0.8383103396832052
0.8371665317184832
0.8376924180376973
0.8370073239046218
0.8384759530161232
0.838466483461421
0.8352784606778476
0.8387793598707796
0.8373447097417366
0.8351170134439169
0.8376500774919732
0.8330911395232219
0.8334819048550082
0.8354539803153536
0.8368202791894517
0.837909049719024
0.8347625538468288
0.8339240969263121
0.837354094562965
0.8387556295415868
0.8329641718104668
0.8329641718104668
0.8353615711320892
0.8333590935150971
0.8362747685006386
0.836070230443312
0.8352046306195873
0.8347119977539595
0.8327151383442138
0.8336777383676077
0.8274461733230558
0.8292521000600286
0.833513764189478
0.8336640657738051
0.833445503952723
0.8285451068342482
0.8296401680055693
0.8323627944998384
0.8335957248503539
0.8335274206327163
0.8338601803045376
0.8335228683220758
0.8309451897832941
0.832146449305948
0.8312802315947244
0.8302999059035107
0.8301357634305582
0.829406305913993
0.8288520217775859
0.8273897329697852
0.8280904536932184
0.8284838108100484
0.8278637216470845
0.8272725886358419
0.8274765743989263
0.8297329474504297
0.8294548085768579
0.8303176635550021
0.8295165655450172
0.8300426942977664
0.8313607718165746
0.8310165921208359
0.830522052567336
0.827211888489505
0.8269780232417003
0.8306555246461145
0.8285232120764103
0.82355707815701
0.8249897968726038
0.8267013903447459
0.8266927549864996
0.822323346314153
0.8204691901990637
0.821997941949064
0.8204115312285939
0.8192553553991279
0.8210430115665629
0.8192716857603803
0.8192431089273731
0.8207826295788305
0.8165635020198194
0.8148731879524131
0.8153443703339491
0.8128641812562784
0.8142068040422975
0.8097405894313294
0.8106768237029536
0.8062315705753533
0.8064025383036328
0.8048969809941995
0.8020266701837369
0.8038923508283563
0.7986058714835369
0.7939553871990191
0.7936045001484554
0.7937883557645088
0.7901109230444213
0.7849315332476279
0.782069875027217
0.7779586689665892
0.7777411293712957
0.7738591036430067
0.7683935386610927
0.7710217840893124
0.7671328922210716
0.7662430264148368
0.7596195873773777
0.7552033746575066
0.7483361698613669
0.7407367781624721
0.7350261072857396
0.7303346185242534
0.7185495742357204
0.7068033852121671
0.6949298650385161
0.6853274014591851
0.6750916554651254
0.6572127860843876
0.6449398806526716
0.6312621998854401
0.6159820373540129
0.6065073415644547
0.5881841337885201
0.576924279382914
0.551813490885581
0.53501478891639
0.5188696382978444
0.4995724877949045
0.48808451937877617
0.4658155562335937
0.45275115036209235
0.429352741694925
0.41230048839721034
0.39627818454290376
0.379857779859444
0.3612257010742641
0.3544672999816312
0.34021484087401865
0.32314605192409807
0.31128898732886157
0.29440864820439594
0.28419304456426975
0.2721980224576803
0.2605521067217704
0.24852401691445714
0.23492071621033617
0.22699078321871724
0.2228684647338599
0.21071238061573672
0.20560208459817586
0.1951874365690247
0.18618568086460918
0.18618568086460918
0.18618568086460918
0.18477749396921306
0.18406690739320464
0.18097385165826774
0.18094669973430033
0.1827721926013397
0.17707408003319847
0.17335514579144817
0.17500030689933022
0.17433204822857506
0.17530788080902537
0.17395363159804278
0.17418717391846128
0.1749519839361895
0.17297590222275616
0.1723247410566744
0.1728150533701558
0.17226728528037727
0.17183168923635206
0.17152375500816452
0.1734903407733297
0.17561377190353733
0.17537252488906274
0.17748857635659165
0.17805700290486337
0.17891808507953222
0.17902112731981124
0.17996322645130114
0.1818243420961898
0.1821013785500405
0.18252046980566883
0.1833124255776677
0.18425739441907085
0.1874867863902967
