0.8382819709221366
0.8368950635897519
0.8349051388920039
0.8396892710122013
0.8367782325543958
0.8360377209400072
0.8427047040996878
0.8420547151943216
0.8357779467165014
0.844750458659391
0.8357547786251804
0.8351077941172771
0.8362189523940673
0.8367315305954348
0.8363306094008167
0.8380363784143878
0.8370120036006423
0.8357872151460982
0.8372133960886303
0.8356158594540648
0.8346384976484589
0.8383292557798301
0.837260278008236
0.8426508143426946
0.8413063795675028
0.8401683428346257
0.8398280109435384
0.8406348240539425
0.8367268613556111
0.8398136513228474
0.8362608121506914
0.8401107561193903
0.8326970457634078
0.8315040793240387
0.8356991925804013
0.8391739467989202
0.8370869025178437
0.8378901972530796
0.8345650401881999
0.8395745692088441
0.8322996560040039
0.8350985754632919
0.830958574701804
0.82795959855556
0.8335456315045708
0.8387651211297741
0.8290936796539983
0.8335866155016497
0.8362329040978438
0.8305798734862423
0.8267272998393416
0.8231319512329668
0.8334682532963117
0.8277330940439678
0.814494252953487
0.8149048132484499
0.8168439286759415
0.8198609023178467
0.8182872410855919
0.8175314152578799
0.8194596273977165
0.815197694268486
0.8148455218105355
0.8328826164222549
0.8357269825377739
0.8167877970554601
0.8185996952840774
0.8275721667936718
0.8109839031477217
0.8025613739522828
0.8048050221939465
0.8190921605687449
0.8257206070429759
0.8274027554999228
0.8209561612747923
0.8564568404051675
0.8549637045853106
0.8060570998757566
0.7679587833615631
0.7575915956046864
0.8032835046268516
0.8077289920266789
0.7835511790355644
0.8092387649864131
0.7732274080598682
0.785304345905082
0.806633301571715
0.7839461022918865
0.7803784379988341
0.7729095528529359
0.7868894397199504
0.7825715167530853
0.777986266425569
0.7893915667925993
0.7952537948101974
0.7894643385289626
0.7841056379961625
0.7914662568834395
0.7804625652543169
0.780397128935646
0.7788380913989943
0.7734505917713272
0.7814945573117176
0.7803036971401215
0.7722166840956389
0.7662259626107895
0.7637065658373685
0.770089300799472
0.7675080217702335
0.7687254512528959
0.7676657852273078
0.7612099012105416
0.7657659340660233
0.7583206829610879
0.7528576500330588
0.7518402960761074
0.7481250265482977
0.7531195350540575
0.764917541050365
0.7576940088311694
0.7541080077627536
0.7550574286131522
0.7519547577746417
0.7461363023590077
0.7443450555232913
0.7458702640684642
0.7401445292273594
0.7333958192102388
0.7388508332205685
0.7395567834213403
0.7292839142079237
0.7299874665279227
0.7299030693049432
0.7266682953274439
0.7264647846597359
0.7195558914099163
0.7228203248317648
0.7249671441139303
0.7235461476426831
0.7235923000478279
0.7208144823966064
0.7160063587619245
0.7128537891930298
0.7104098399663031
0.711998336456481
0.7098259578007662
0.7058277601400631
0.7060105291389078
0.7055837002257885
0.7035961575646115
0.6985202251330017
0.6961274566327142
0.6921734817942578
0.6909506638624848
0.6883836174877029
0.6859288539629889
0.6847261676034769
0.6804980291807252
0.6755880585430888
0.6753765878009454
0.6748874466515122
0.6724594207350385
0.6677696794947199
0.665459938848152
0.6628382028408221
0.6605809193202912
0.6596356959569107
0.6598592126830791
0.6575034630348485
0.6533077002658987
0.6531067593482018
0.6495612145527183
0.6478407305615781
0.6409166051496884
0.6390132690690922
0.6384578216327719
0.6378450040271677
0.6348359834533921
0.6305190194615042
0.628648857871223
0.627237456601488
0.6233088120663088
0.6220738691727421
0.62199560933819
0.6197149887567535
0.6175759433099951
0.6151827352017323
0.6105699085124939
0.6072746634922672
0.6043110536457179
0.6026408318545732
0.6012396184522881
0.601282650213709
0.595671031659817
0.5926697829364314
0.5920610821228663
0.587863850939196
0.5847305342706853
0.5826963816972976
0.5771409214746775
0.5733839621679628
0.5744241658228193
0.5734447070109978
0.5706730005576977
0.5665581680854246
0.5645239405939311
0.5629364034731668
0.5598138151544437
0.553567470385635
0.5523703174856327
0.5503063520347282
0.5479071102480482
0.5450525632050001
0.540730744678023
0.5399069328664083
0.5370881128499105
0.5352427115129034
0.5314100753419829
0.5264874337211672
0.5252764078684746
0.5236857028465354
0.5217652381586089
0.5200796702365212
0.5135113412823209
0.5119541746978384
0.5104224235654289
0.5091023225229903
0.5062419507997441
0.505178101063411
0.5009222640130572
0.4978892642471284
0.4950701219008443
0.49299087034044675
0.48991923426063044
0.48900118638690027
0.48492486566810467
0.4836551529135831
0.4798238511775559
0.4786580940742028
0.47619296189361315
0.47420140584113424
0.4717078757177413
0.46968090026359144
0.4700475189370744
0.46721534646829943
0.4665847797361454
0.4618210317219644
0.4598098217378357
0.4564038080475794
0.45513690624763714
0.4509716343833797
0.44913981493673927
0.44743062033392256
0.44356255420269286
0.4402088172798636
0.43562157281611236
0.4301900605691428
0.42969253319604317
0.4273205852648425
0.4231264827460157
0.41879842477101437
0.419254198505158
0.4160397984278541
0.4141736212495817
0.41336386635637723
0.4094191149913544
0.4073017368185974
0.40395115147887095
0.3998191450098896
0.39788500294742746
0.39725121459469137
0.3916989515477398
0.3911691444665195
0.38633853379339445
0.3853296789827829
0.3829917586100988
0.3806691907341353
0.3784993187579584
0.37599645471991083
0.3739383437621695
0.37236726016126354
0.3692260499465201
0.36646756784580137
0.3635498903692558
0.3613316827872324
0.3598523306499737
0.3581344333273577
0.35440781839171254
0.35338127430483435
0.35003977153144494
0.34942047425999867
0.3474623514575197
0.3459781618596083
0.344463863687855
0.34340399887565987
0.3422429364477786
0.3387592712045713
0.3368912726860167
0.33598402625108537
0.33764391052020537
0.33719577299997394
0.33427221671305984
0.3332547708356335
0.33161822918607653
0.3330837104591864
0.3359369512222008
0.3318997164552504
0.3326383833799542
0.33211750730020007
0.33148138988826203
0.33195939735640634
0.3327578695928488
0.32622976323560127
0.32612165934101456
0.3248641403964556
0.3274794708721691
0.3298584322272289
0.3257479621793593
0.32373748269781255
0.3188041701653592
0.31605491840277034
0.3150155519611253
0.30970394910910204
0.30679380855238647
0.3018112859624553
0.2962901655525978
0.2899797879777355
0.28325507092874735
0.2723943859320648
0.27016442613765856
0.2676009855570538
0.2584959867391905
0.2445755306061228
0.2354003731170673
0.2242354292984463
0.220116667756463
0.21437567593251572
0.20453682409974006
0.195982376030444
0.18936492216648304
0.18936492216648304
0.18936492216648304
0.1866467231510156
0.18534602521243926
0.18376505758595707
0.17953598517654967
0.17737779624732397
0.17867410574392606
0.17693189856656666
0.17375827081625062
0.17516360832012134
0.1737730908887145
0.1732070531301395
0.16992970515794026
0.16754975886193746
0.16847616132803855
0.16588419634083396
0.16697630487928405
0.16721177064722959
0.16667051437707947
0.1671199502940377
0.16933159591930647
0.17002348228110842
0.1694611709337206
0.169836272102994
0.1719156421018173
0.173708038959155
0.17297374320404169
0.1731841691121807
0.17518798500767963
0.17581595154963336
0.17586381083756786
0.17582392623089538
0.17617106845820096
0.17826405207063
0.18153440747927307
