0.8611152239565915
0.8618462888220066
0.8642222785367699
0.8656239749181686
0.8640159244094681
0.8591869454651168
0.8646420828486121
0.8702721221260679
0.8630191192510552
0.8666389678426736
0.863915835424678
0.8597013140263028
0.8641691788699164
0.8619329539346253
0.8658453799953796
0.864110209449237
0.8660072318007661
0.8648258852324483
0.8646776333385915
0.8569423307121642
0.8657735233948015
0.8618347385924296
0.8625531415215171
0.8687781180597375
0.8670682472857464
0.8697489964536738
0.8688889799472366
0.8593167284642922
0.8565780192756829
0.86102346138373
0.8609432311212986
0.8681275922423541
0.861529094977269
0.864110209449237
0.8596333501653941
0.8643994638812853
0.8628441467273467
0.8679075569007358
0.861956076084206
0.8707539415866095
0.8632177581343135
0.8663256464962983
0.8687842740268383
0.8596276883684615
0.8559021634919056
0.8678709282810851
0.8616328040803547
0.8693088372025277
0.8652956917676093
0.8599679032179559
0.860989069908092
0.8573133585805237
0.8577579703316135
0.8689013050631369
0.8510633825952695
0.8561764195407935
0.8616385685394601
0.8699106399808663
0.8547140153900817
0.8530773368983657
0.8605429437803982
0.8492488804644291
0.8680664259093447
0.8706411110355996
0.8708229531666717
0.8517114743335055
0.8515161424271217
0.8709045707044574
0.8598543834876564
0.8813257189259741
0.8854763119170725
0.8907248546061379
0.8861394693636543
0.8708104022402127
0.884882656951665
0.8588659531329874
0.8530452656584064
0.821407570278285
0.8898914998984351
0.8589784778182814
0.8618174155042934
0.8563302908390742
0.8519653651275769
0.8641632804975631
0.8482698339383772
0.8649030559671372
0.8740283421551914
0.8489956151871836
0.8413693747706907
0.8521667541550282
0.8509320936808281
0.8439953526669646
0.8532485332940678
0.8584449831458116
0.8584729989979966
0.8525546114895939
0.8642576926411342
0.8646243119462953
0.8623672999915559
0.8592433544486227
0.8507642578286359
0.8488975557465739
0.8623208884072527
0.862089122205338
0.8540867563821114
0.8525546114895939
0.8479418578930193
0.8505652636380876
0.8417383024029443
0.8547248601868394
0.8586412402988913
0.857424348326495
0.8555793843277817
0.8504920347988645
0.8546923288599144
0.8590460466436827
0.8552793048102856
0.8575854764497765
0.856297300964589
0.8523684914199914
0.8627742354277247
0.8636219846818808
0.8583497812024676
0.856782110975115
0.8549148096998532
0.8571526158033846
0.8486295963491323
0.8507328152863168
0.8557105746071718
0.8520130311398378
0.8523259914001006
0.8536131667842
0.8538551010230255
0.853645395482585
0.854806228738461
0.8510686372085164
0.8533663774999442
0.8562643206165041
0.8591362015590662
0.8566938102543464
0.8550180566272975
0.8582490665105027
0.8555957749027733
0.8548225093528491
0.8587366885280706
0.8580032520669139
0.854974572938765
0.8563302908390742
0.8553174531965504
0.8602806773213652
0.8600303881479606
0.8588659531329874
0.8580088328314946
0.8601611512738355
0.8599849411048045
0.8566276295814418
0.8570806324123582
0.856798674981651
0.85560670325491
0.8537582666299394
0.8510738920571371
0.8507694990705
0.8491040911481407
0.8519283050083664
0.8537582666299394
0.851769608944916
0.8525173636767738
0.8537045047385424
0.8510423664954696
0.854270255121602
0.856434821704109
0.8533556594412227
0.8534307066667278
0.8541514873539577
0.8519971403070394
0.8559240797941329
0.8573965907186469
0.8531415059632226
0.8545406373555695
0.8555411487632758
0.8537098798041052
0.8511790385000447
0.8498870270888184
0.8517114743335055
0.8535326342515872
0.856297300964589
0.85615445483296
0.8522728881549017
0.8540382319438695
0.8509635896283124
0.8500952997605774
0.8539358583214134
0.8547790994973568
0.8531361571863733
0.8519706603904403
0.8551594923181085
0.8511317109344287
0.8515055932290404
0.8509425913910347
0.8505652636380876
0.85198125163654
0.8538604830888696
0.8522410378126443
0.8547140153900817
0.8478344372672677
0.8484855606578718
0.853484341588882
0.8513580041703268
0.8483776483647965
0.848665632584877
0.8504868059114004
0.8494456639701792
0.8495441786310574
0.8473496920074968
0.8478088751922375
0.8472326279306426
0.8471055142545415
0.8470547065872456
0.843239992762547
0.8417188574898221
0.845329910851818
0.8471410924662715
0.8468922668617509
0.8429646886762852
0.8447305270150932
0.8460934318548778
0.8436985735927185
0.8443971589708871
0.8459071283516619
0.8440102106746996
0.8432006255153534
0.8421961480057192
0.8427341085378958
0.8412434166331109
0.8431120956818651
0.8412918467970143
0.8420839637570022
0.8396414656838229
0.842450161653644
0.8411804859252072
0.8394170274208141
0.8403845324369859
0.8407167604634275
0.840221154245628
0.8385233115975066
0.8396605856006665
0.8391834704051087
0.8379514781823694
0.837899623130111
0.838291426458162
0.836838971108582
0.8346017635916094
0.8341983903690282
0.8364889601737167
0.8352138570166604
0.8300294041840472
0.8310032011618809
0.8315354491866587
0.8327151383442138
0.830958574701804
0.8286502530863932
0.827546089190928
0.8296401680055693
0.8286108132635206
0.8295430418444474
0.8272986116259119
0.8291464649342188
0.8273897329697852
0.8260424242261865
0.8245005870910832
0.8249855350406973
0.8226286136380155
0.8235655102932934
0.8209644303029471
0.8226956152541824
0.8193125203284718
0.8164195073945811
0.8144824281045443
0.8199634604038297
0.8187012970931762
0.8153404040457151
0.8091022162986407
0.8116348515029808
0.8101563407095107
0.8073765424817358
0.807849176985975
0.8073016671521739
0.8008988018687583
0.8035055957830655
0.800174327720602
0.7968766715815138
0.7977842061762492
0.7917011947319657
0.7899282679272954
0.7831001911411699
0.7788751007370094
0.769937822209004
0.7644584761674191
0.7576913129133509
0.7497267989820787
0.7384210106183631
0.7293293638755307
0.7216514083052232
0.7072671975147236
0.7009241932970461
0.6887586878205196
0.6764751930402472
0.6689937707547853
0.6603611749457593
0.6512887709461215
0.633659586606059
0.6145189911223676
0.6020270392010426
0.5876474599895621
0.5682427632758316
0.5540540996047485
0.5452462309426014
0.5226862020240378
0.49699161379021584
0.4770630611347344
0.4576727673870541
0.4401117375600664
0.4196808173265474
0.39934983156905823
0.3794367686463469
0.36742700909735015
0.3405713025216943
0.3216335425454582
0.2999435721051513
0.28604503866621767
0.27252621382424924
0.254711493606963
0.23757931271005006
0.22318085098004303
0.20757296614779586
0.19242226746266056
0.18313568264961866
0.17840404890203398
0.17093457765861908
0.15927604696613873
0.15927604696613873
0.15927604696613873
0.157505656161268
0.15701083614602274
0.15481282476779334
0.15462893144438405
0.15349642825117327
0.14884847413570013
0.14970354686102905
0.15140928628639516
0.15111938787824952
0.15090361728778223
0.1527773553241274
0.15217586843404263
0.15258817407530545
0.15038963630429114
0.14939548959257642
0.15221072512758216
0.1546153619891899
0.153763148924543
0.15313866895604455
0.1536656232944349
0.15491401217152267
0.15477123914219204
0.15392663704159038
0.15665437323672426
0.15731109009713773
0.1556875681548977
0.15701690250742129
0.16050247482117186
0.15951489334547153
0.15798504726310103
0.15806454504317546
0.1582745426641532
0.1584417378759766
0.158267194387264
