0.7380999627065352
0.7371238234447635
0.7378798964613669
0.7382029186893194
0.7376696676108268
0.7323191540178455
0.7355628314117195
0.7360161370657974
0.7351413120844501
0.7342826939739215
0.7367957397169517
0.7283051418310779
0.7339857739411859
0.7288958126903611
0.731836412650956
0.7322497766039522
0.7262191046366353
0.7262771427203787
0.7283751914144517
0.7252665173934303
0.7258512427843848
0.7247855566748861
0.7245113245986999
0.7200009568132716
0.7220648587844948
0.7264267929370334
0.7256420248602197
0.7208274606901041
0.7207820409180945
0.7211717404743598
0.7253242343910111
0.7187439597009713
0.7162505883136678
0.7194528507290501
0.7105749801574779
0.7150516751766127
0.7144563331885274
0.7125007959396036
0.7153197182769642
0.7060801103930106
0.702780392146185
0.7145898476082895
0.7055400826620531
0.6924625210284856
0.7007967565806781
0.7012431842215381
0.7064862149372277
0.7011367904686465
0.6961142940932947
0.6991483088555994
0.6911005493026582
0.6863273696141925
0.6842871098653072
0.6907625692698565
0.6790342631904769
0.6821075653321047
0.6840055425841731
0.6866321835812492
0.6773971628820548
0.6704479879185281
0.6771006119141549
0.6747369461392144
0.6741245111398269
0.688845352981051
0.6756569230007134
0.6744162896971155
0.6603812816069865
0.6745782180855472
0.6662564546193297
0.6770075091693841
0.6641752225617739
0.6860177325489802
0.6875102669574108
0.6715963327160595
0.6674962558798823
0.6977348890307644
0.6889139923424498
0.6464284977760393
0.6510075834917084
0.6496415200234587
0.6475993236405404
0.6383436266191265
0.6133587318084733
0.6211984341359431
0.6265653922944572
0.6266183978087783
0.6230091578071415
0.6043317648107702
0.6128503906289836
0.616853477215699
0.6137704894320847
0.6143031027242749
0.6069594332481781
0.6128792648337301
0.6214700816510095
0.6168461066410286
0.6135832169943426
0.6127301283221165
0.6057349646510757
0.603352735340448
0.5975756184160512
0.5973668850402204
0.6049703045981624
0.600987284189618
0.5963553046605296
0.5921442188223673
0.5919617970758648
0.5913123145470885
0.5811317166143233
0.5857922985112692
0.5833008658972116
0.5809859341955053
0.5795199927402565
0.5759280755050032
0.5703236632817724
0.5686858236274316
0.5690044259121795
0.5636996547947185
0.5678045273489256
0.5655811604699377
0.5625174865094779
0.5569290063222975
0.5559047816147916
0.5550889601604282
0.5509049988333374
0.5484045186486282
0.5449325705660281
0.5392891386482622
0.5390235753293848
0.5392432124432373
0.5345909669917178
0.5342982864155384
0.5363250362704569
0.5318647477550178
0.5298065240633808
0.5257311673932296
0.5225674560236769
0.5206262297888157
0.5184927597240182
0.5209313832759567
0.5205756663749194
0.5145722302200135
0.5113902624122398
0.5105359053052492
0.5112288468628566
0.5086529320803093
0.5045097494471232
0.5038464866871838
0.5021853465522539
0.500601630732078
0.4992720817001942
0.4970526359092402
0.49219374428497176
0.4903663480657702
0.4879544707978398
0.4861364755899332
0.48676078431411784
0.4833031130129378
0.4769311061798752
0.47521607360183016
0.4762340227448828
0.47304868651134824
0.4701502130574926
0.469516245955072
0.4663228241174503
0.46559621444454824
0.4640143811242352
0.46106677857043676
0.45926797712370016
0.4550841370225418
0.4542315234673545
0.45157514644937735
0.4499695887841296
0.4460433267429815
0.44423839601825377
0.4439941690505209
0.4430933798320096
0.4402155475457572
0.43930782859881845
0.4373382285934584
0.4332948769792283
0.43085213932164423
0.4303836476343462
0.43085852199433483
0.427688234196538
0.42594365905019316
0.4235968638223082
0.4194159249368429
0.4190909188383919
0.4174564298475558
0.4155698892987879
0.4151928850328612
0.4138079317745629
0.40987605443064434
0.40911731222015724
0.40687743951637656
0.4042521017622105
0.40273874317588465
0.40095815436288906
0.39903894598008094
0.39761737769752514
0.3966683602717702
0.3958305692457391
0.3928910351314665
0.38933377713392225
0.3884482035740193
0.38791842406754684
0.3857878625651059
0.38243438911059213
0.38128960086346475
0.38064072289930717
0.37766504731554895
0.37777588019545005
0.3761638263890361
0.3734494548859766
0.3723096403222168
0.3703653418915267
0.36806913930915686
0.36567156759886
0.36389506909171176
0.3637153721589488
0.3611137923920156
0.3606215026547557
0.35756050066221334
0.3554935657938765
0.355529444818079
0.3544118405813417
0.353201293922343
0.3512175048582322
0.34923367130096117
0.34852992667805194
0.3469819833894279
0.3463441086645318
0.34411369170409145
0.34344357691532923
0.3411181168738071
0.34065109776662617
0.3400311737426276
0.33993707242069493
0.33941431596597105
0.33916297704148923
0.3385975746899068
0.33890089883851227
0.33835302941034895
0.33797161202910453
0.3367648363958917
0.33565100395856606
0.33539906323324375
0.3344612794045836
0.3332675146237336
0.3329205757077771
0.32978714844446944
0.3263894464306012
0.3279388303412676
0.32413515032427487
0.3207280873852174
0.32032367274602813
0.31925924102132464
0.3178028201305827
0.3160566940331069
0.3132441670240731
0.31389277948703387
0.31349396875356383
0.3128927541460935
0.3118708869250342
0.3116411511888544
0.31185214090941815
0.31026971485879273
0.3086666126857085
0.3064279325393271
0.30707067109467356
0.3045546088979503
0.304665477499922
0.30357072567794297
0.303361976644404
0.3009094822635474
0.2990614346866389
0.30037865641000594
0.29707851648409034
0.29805095103791923
0.29636929489865715
0.29637141335236805
0.2954417233035349
0.29525574936783117
0.2940344954386602
0.29348256503352066
0.29353856119528166
0.2931378652336356
0.29313936936828355
0.2907744646265771
0.2919928726954788
0.29225877603292494
0.2908114132336834
0.2898812224790397
0.28998676559012093
0.2893805331055215
0.28840021591669784
0.28911739532280367
0.28981940401276307
0.2874422442975597
0.2873554507517262
0.28755883921862635
0.28833854048932905
0.2866162462626307
0.28715327429815063
0.2889265322906849
0.28609548640309357
0.2864334327196212
0.2874256734815954
0.2885805093278091
0.28752783328966935
0.2870673892770421
0.28041363775658
0.28029233778306883
0.27951979100340796
0.28000089930868977
0.27508017132192064
0.2734079558220286
0.27232820321722584
0.26773403556064723
0.26475318490214095
0.2579483102665847
0.251179238721456
0.24814833807444114
0.24404601010810323
0.23347331790601844
0.2243694609461997
0.2230646454586509
0.21260117692041858
0.2082786901225555
0.20278715341614717
0.1939847951334257
0.18835201069821128
0.1799661049853496
0.17345441228312586
0.17027212574018114
0.1665457474436587
0.1603624565232047
0.15833381694004345
0.15187856859276883
0.15187856859276883
0.15187856859276883
0.1494321157245566
0.14929274225556943
0.15076016668178926
0.15098083573003596
0.1490304628648853
0.14717520458603683
0.14654981759958607
0.14729388474423155
0.14826799245149846
0.14786747319044213
0.14730896642491143
0.14734637374252468
0.14750665047677813
0.14658599740477962
0.14696434148306947
0.1490009399047545
0.14880004772029132
0.1495104988634699
0.14929666334458735
0.14944312542108484
0.15134385445141874
0.15112658643238897
0.15225964690340987
0.15396775897925785
0.1535179550139949
0.15266463848780631
0.15432550074022
0.15580923602446406
0.15620927014488473
0.15513479399597419
0.1558933289476503
0.15680804163837303
0.1581680354432402
0.15935980200623678
