0.8629957735177114
0.8637746887910106
0.8681520685746682
0.8663376805237861
0.8656718080001278
0.8644231103113083
0.8701909926769471
0.8699666510834342
0.8676209673037275
0.8688150592002338
0.8651289459603635
0.8602408211096143
0.868569026486298
0.864843689013968
0.8624834143021671
0.8622860925015925
0.8633406262727237
0.8580590721006668
0.8653374182042803
0.8630716652551332
0.8601213376234325
0.8609776084426659
0.8593506095569523
0.8694512240792671
0.8678709282810851
0.8648555598175529
0.8623208884072527
0.8602180525079651
0.851447589625996
0.8648496242541394
0.8588209747125031
0.8607257540223343
0.857097239920478
0.8561983884709548
0.8565174137503005
0.8625298942227088
0.862419536330947
0.8636219846818808
0.8574576664165783
0.8583385862471429
0.8581707948571538
0.8611439152821609
0.8579028453222761
0.8517854688573634
0.8498974319934945
0.8493783064578995
0.8499494702847012
0.8582714397976718
0.8527570221343518
0.8392596855787924
0.8501526392986634
0.8449948882976583
0.8444965757601582
0.8454902504330909
0.8338464880690455
0.8444418864297617
0.8410498864747162
0.8374620706406359
0.8363213008611508
0.831625119660809
0.8511580016681487
0.8536507678044917
0.8374996493987126
0.8459272553629463
0.8510528740747865
0.8244199354529983
0.8239962628119701
0.8468161990434557
0.8334045653798416
0.8424550517048301
0.828904708733331
0.8300737098855006
0.8332681984811315
0.8687658071926849
0.85302923335877
0.8286371051475311
0.8113109211820826
0.761950103729183
0.8064769367981375
0.8100188910746534
0.8251006529268607
0.8104278204247394
0.8093640520163188
0.8167958144393488
0.7983982594438958
0.8035019521505548
0.8294151232279665
0.8084327850479928
0.8016916937108038
0.8013180219602094
0.8075264129300378
0.7995562396961846
0.790954045666774
0.8061647265220154
0.8143012413390295
0.801368267217482
0.8127473709706203
0.8108379557442987
0.8011315506891086
0.8027823423547309
0.7946082909067649
0.7834907576353336
0.7982330864379943
0.7993720369699547
0.7918860512016909
0.7836911950289404
0.7826537042401527
0.7909039241687063
0.7794127438047862
0.7836657279301569
0.7868861877234967
0.7771299917983897
0.7783331907322855
0.7689741228389999
0.7651207417369493
0.7691043986823047
0.7700776434007083
0.7714239678097874
0.7759996879025035
0.7731114790401132
0.7707493573052981
0.7664109186194797
0.7640904936331254
0.7617287887997701
0.7563142059984351
0.7517700978866878
0.7507258900017064
0.7545833469629835
0.7556393404053864
0.7515882428489534
0.7469496162738958
0.7453469664956169
0.7438661797816221
0.7425704764415186
0.7409922864778278
0.7375646516852807
0.7370905104297971
0.7350919289792525
0.7339787663758829
0.7310287564555198
0.7318617859219401
0.7296296356223049
0.7244207471418311
0.7255597429699212
0.7255730833021886
0.7197213137691743
0.7182573374427879
0.7192533833490995
0.7121588023488257
0.7122287949637363
0.7142395894148411
0.7108158325560952
0.7048930295406606
0.7028760556004767
0.6993147675172092
0.6967302065139376
0.6966490940627683
0.6931584827451297
0.687626829545463
0.684749119435581
0.6852725006088494
0.683701587312973
0.677364942693109
0.6760453989376267
0.6778046432119618
0.6745364703182581
0.6702782273453725
0.6694171418828025
0.6659119396976309
0.6624139447366469
0.6627018963123092
0.6616368273513297
0.6576573549773623
0.6523851519163146
0.6494999134973447
0.6480476909574632
0.6475617672021765
0.6454719138199336
0.6429590884189266
0.6393130334891772
0.6353876582721338
0.6307725904385237
0.6311098887140889
0.6307369115553495
0.6276023227166306
0.6252976684355402
0.6236114837045428
0.6183395279181001
0.6166852532571431
0.6141782897633404
0.6108185192640473
0.6090118644249118
0.6087302613841211
0.6040259272414016
0.6007454453103512
0.5994678630757054
0.5967232398888119
0.59257126545363
0.5900562116198677
0.586284004581132
0.5862410610044141
0.5835051925149582
0.5817261829145915
0.579273384321174
0.5755869108610207
0.5731049782338951
0.5713212420603241
0.5683667937056426
0.562665671358607
0.562439735160416
0.5601738221694221
0.5563032392349315
0.553897358825409
0.5524186226760194
0.5498837270049346
0.5481500691915209
0.5447383756203622
0.5421624795410519
0.5371156826887253
0.5349345992026395
0.5339924911415463
0.5338577136086627
0.5317803505016124
0.524647186897193
0.5229803803510843
0.5216493095622712
0.5202762800325861
0.5173263989462095
0.5141879852987435
0.51206147309483
0.5099832373982548
0.5086298973677134
0.5046258734523208
0.5008117543387665
0.49888266992679897
0.4990192367653763
0.4956639097508846
0.49304803022502075
0.49243559773940726
0.48917600340561684
0.4890917185805329
0.48752183936489446
0.4847939383955542
0.4840194888535999
0.4817715917034735
0.48029342211305137
0.47772839695165215
0.47356024184060264
0.4722111105649105
0.4714996495679151
0.4680404274906881
0.46396225495307686
0.4610797378058681
0.4609858043035374
0.45817796559691093
0.45313728644071505
0.45015704675744916
0.4478817346421662
0.4456736400930581
0.44133922597580644
0.43922271373089794
0.43867808662729135
0.4345330438758991
0.43493853046460884
0.4356702955512385
0.4309054873690926
0.4302095913502775
0.4285576505426265
0.42490417282876725
0.42296082080015085
0.42042682919993646
0.4177259394976609
0.4143505404525374
0.41212076209076476
0.4125689963938173
0.4103581141019874
0.40678818610048806
0.40508474431488195
0.4044909790530975
0.40247565224730675
0.39917043336605906
0.3960819493293408
0.3961109790949593
0.3955131668224965
0.39192637553709253
0.3897237214957099
0.3880438843152867
0.38627187868761714
0.38620805545715897
0.38274372770219967
0.3836942618850383
0.3829261071461958
0.3814972711248974
0.3797316988888926
0.3774738476658277
0.3768857060917479
0.37450570461217914
0.37479798125326513
0.3725873072471537
0.3729620489733474
0.3741299543923675
0.37317158817293716
0.37084840893133997
0.36884546247572425
0.37066641075335394
0.37224174630714946
0.37122357639346903
0.3685581808285827
0.3722253402187752
0.3765093315278434
0.3761381163113542
0.38144754234379996
0.3667451875870933
0.3694765916710383
0.36933500144767395
0.377184651331431
0.37547437011069773
0.3695863473214045
0.3676372221097828
0.3653822612210902
0.35948711275985623
0.3534415046917643
0.34968717361950064
0.34466783032970505
0.3406379706423437
0.33630759193077653
0.3214762440149159
0.31675690662226486
0.30844458873966607
0.3009777984753532
0.28945805836588034
0.2777814381793573
0.27397411240501723
0.2617611326966123
0.25041125376809736
0.23490529668983573
0.21980652532289602
0.22030543954665527
0.2162140689878873
0.20215262740391804
0.20215262740391804
0.20215262740391804
0.1972693725908763
0.1954110866746217
0.19134633653985134
0.18968287807997264
0.18782638539557128
0.18544483668984935
0.18080072491408217
0.178621819690703
0.17719276653591365
0.17858840746450166
0.17491580711786048
0.17480938655968714
0.1757039383634469
0.17376885631630667
0.17177189622333477
0.1735711894186891
0.17360778933508714
0.17217191883287075
0.1717095941208444
0.17278193587658564
0.17538160056530838
0.17493127350207072
0.17489182402081171
0.17368302757107346
0.17430854329689405
0.17739598974744064
0.17553724360581802
0.17494472208006728
0.17510633482680849
0.1754217863555727
0.17455287461782643
0.1738061029389959
0.17427145014709167
0.17334956901639353
