nm      KM         Reflect
1000	0.010875   0.8629957735177114
998	0.010742   0.8637746887910106
996	0.010012   0.8681520685746682
994	0.010311   0.8663376805237861
992	0.010422   0.8656718080001278
990	0.010632   0.8644231103113083
988	0.009682   0.8701909926769471
986	0.009718   0.8699666510834342
984	0.010099   0.8676209673037275
982	0.009904   0.8688150592002338
980	0.010513   0.8651289459603635
978	0.011353   0.8602408211096143
976	0.009944   0.868569026486298
974	0.010561   0.864843689013968
972	0.010963   0.8624834143021671
970	0.010997   0.8622860925015925
968	0.010816   0.8633406262727237
966	0.01174    0.8580590721006668
964	0.010478   0.8653374182042803
962	0.010862   0.8630716652551332
960	0.011374   0.8601213376234325
958	0.011224   0.8609776084426659
956	0.01151    0.8593506095569523
954	0.009801   0.8694512240792671
952	0.010058   0.8678709282810851
950	0.010559   0.8648555598175529
948	0.010991   0.8623208884072527
946	0.011357   0.8602180525079651
944	0.012959   0.851447589625996
942	0.01056    0.8648496242541394
940	0.011604   0.8588209747125031
938	0.011268   0.8607257540223343
936	0.011913   0.857097239920478
934	0.012076   0.8561983884709548
932	0.012018   0.8565174137503005
930	0.010955   0.8625298942227088
928	0.010974   0.862419536330947
926	0.010768   0.8636219846818808
924	0.011848   0.8574576664165783
922	0.01169    0.8583385862471429
920	0.01172    0.8581707948571538
918	0.011195   0.8611439152821609
916	0.011768   0.8579028453222761
914	0.012895   0.8517854688573634
912	0.013255   0.8498974319934945
910	0.013355   0.8493783064578995
908	0.013245   0.8499494702847012
906	0.011702   0.8582714397976718
904	0.012712   0.8527570221343518
902	0.015393   0.8392596855787924
900	0.013206   0.8501526392986634
898	0.014217   0.8449948882976583
896	0.014317   0.8444965757601582
894	0.014118   0.8454902504330909
892	0.016554   0.8338464880690455
890	0.014328   0.8444418864297617
888	0.01502    0.8410498864747162
886	0.015773   0.8374620706406359
884	0.016017   0.8363213008611508
882	0.017045   0.831625119660809
880	0.013014   0.8511580016681487
878	0.012545   0.8536507678044917
876	0.015765   0.8374996493987126
874	0.014031   0.8459272553629463
872	0.013034   0.8510528740747865
870	0.018697   0.8244199354529983
868	0.018797   0.8239962628119701
866	0.013855   0.8468161990434557
864	0.016651   0.8334045653798416
862	0.014731   0.8424550517048301
860	0.017658   0.828904708733331
858	0.017393   0.8300737098855006
856	0.016681   0.8332681984811315
854	0.009912   0.8687658071926849
852	0.012661   0.85302923335877
850	0.017719   0.8286371051475311
848	0.021942   0.8113109211820826
846	0.037186   0.761950103729183
844	0.023219   0.8064769367981375
842	0.022279   0.8100188910746534
840	0.018537   0.8251006529268607
838	0.022172   0.8104278204247394
836	0.022451   0.8093640520163188
834	0.020546   0.8167958144393488
832	0.025453   0.7983982594438958
830	0.024027   0.8035019521505548
828	0.017542   0.8294151232279665
826	0.022697   0.8084327850479928
824	0.024527   0.8016916937108038
822	0.024631   0.8013180219602094
820	0.022938   0.8075264129300378
818	0.025125   0.7995562396961846
816	0.027625   0.790954045666774
814	0.023303   0.8061647265220154
812	0.021174   0.8143012413390295
810	0.024617   0.801368267217482
808	0.021571   0.8127473709706203
806	0.022065   0.8108379557442987
804	0.024683   0.8011315506891086
802	0.024225   0.8027823423547309
800	0.026545   0.7946082909067649
798	0.029915   0.7834907576353336
796	0.0255     0.7982330864379943
794	0.025177   0.7993720369699547
792	0.027347   0.7918860512016909
790	0.029852   0.7836911950289404
788	0.030179   0.7826537042401527
786	0.02764    0.7909039241687063
784	0.031215   0.7794127438047862
782	0.02986    0.7836657279301569
780	0.028859   0.7868861877234967
778	0.031958   0.7771299917983897
776	0.031565   0.7783331907322855
774	0.034704   0.7689741228389999
772	0.036052   0.7651207417369493
770	0.034659   0.7691043986823047
768	0.034324   0.7700776434007083
766	0.033864   0.7714239678097874
764	0.03233    0.7759996879025035
762	0.033293   0.7731114790401132
760	0.034094   0.7707493573052981
758	0.035597   0.7664109186194797
756	0.036418   0.7640904936331254
754	0.037266   0.7617287887997701
752	0.039258   0.7563142059984351
750	0.040982   0.7517700978866878
748	0.041385   0.7507258900017064
746	0.039909   0.7545833469629835
744	0.039511   0.7556393404053864
742	0.041052   0.7515882428489534
740	0.042864   0.7469496162738958
738	0.043502   0.7453469664956169
736	0.044097   0.7438661797816221
734	0.044622   0.7425704764415186
732	0.045267   0.7409922864778278
730	0.046689   0.7375646516852807
728	0.046888   0.7370905104297971
726	0.047733   0.7350919289792525
724	0.048208   0.7339787663758829
722	0.049482   0.7310287564555198
720	0.04912    0.7318617859219401
718	0.050094   0.7296296356223049
716	0.052417   0.7244207471418311
714	0.051903   0.7255597429699212
712	0.051897   0.7255730833021886
710	0.054574   0.7197213137691743
708	0.055258   0.7182573374427879
706	0.054792   0.7192533833490995
704	0.05817    0.7121588023488257
702	0.058136   0.7122287949637363
700	0.057165   0.7142395894148411
698	0.058825   0.7108158325560952
696	0.061774   0.7048930295406606
694	0.062801   0.7028760556004767
692	0.064643   0.6993147675172092
690	0.066003   0.6967302065139376
688	0.066046   0.6966490940627683
686	0.067915   0.6931584827451297
684	0.070952   0.687626829545463
682	0.072569   0.684749119435581
680	0.072273   0.6852725006088494
678	0.073164   0.683701587312973
676	0.076837   0.677364942693109
674	0.077618   0.6760453989376267
672	0.076578   0.6778046432119618
670	0.078518   0.6745364703182581
668	0.081098   0.6702782273453725
666	0.081627   0.6694171418828025
664	0.083806   0.6659119396976309
662	0.086022   0.6624139447366469
660	0.085838   0.6627018963123092
658	0.08652    0.6616368273513297
656	0.089103   0.6576573549773623
654	0.092611   0.6523851519163146
652	0.094573   0.6494999134973447
650	0.095572   0.6480476909574632
648	0.095908   0.6475617672021765
646	0.097363   0.6454719138199336
644	0.099134   0.6429590884189266
642	0.101746   0.6393130334891772
640	0.104615   0.6353876582721338
638	0.108065   0.6307725904385237
636	0.10781    0.6311098887140889
634	0.108092   0.6307369115553495
632	0.110484   0.6276023227166306
630	0.112268   0.6252976684355402
628	0.113587   0.6236114837045428
626	0.117787   0.6183395279181001
624	0.119129   0.6166852532571431
622	0.121185   0.6141782897633404
620	0.123983   0.6108185192640473
618	0.125508   0.6090118644249118
616	0.125747   0.6087302613841211
614	0.129792   0.6040259272414016
612	0.132672   0.6007454453103512
610	0.133807   0.5994678630757054
608	0.136271   0.5967232398888119
606	0.140066   0.59257126545363
604	0.142405   0.5900562116198677
602	0.145971   0.586284004581132
600	0.146012   0.5862410610044141
598	0.148643   0.5835051925149582
596	0.150374   0.5817261829145915
594	0.152787   0.579273384321174
592	0.156472   0.5755869108610207
590	0.158993   0.5731049782338951
588	0.160825   0.5713212420603241
586	0.163897   0.5683667937056426
584	0.16996    0.562665671358607
582	0.170204   0.562439735160416
580	0.172667   0.5601738221694221
578	0.176942   0.5563032392349315
576	0.179643   0.553897358825409
574	0.18132    0.5524186226760194
572	0.184225   0.5498837270049346
570	0.186234   0.5481500691915209
568	0.190241   0.5447383756203622
566	0.193314   0.5421624795410519
564	0.199456   0.5371156826887253
562	0.202161   0.5349345992026395
560	0.203339   0.5339924911415463
558	0.203508   0.5338577136086627
556	0.206128   0.5317803505016124
554	0.215345   0.524647186897193
552	0.217549   0.5229803803510843
550	0.219323   0.5216493095622712
548	0.221166   0.5202762800325861
546	0.225171   0.5173263989462095
544	0.229501   0.5141879852987435
542	0.232476   0.51206147309483
540	0.235416   0.5099832373982548
538	0.237348   0.5086298973677134
536	0.243146   0.5046258734523208
534	0.248785   0.5008117543387665
532	0.251681   0.49888266992679897
530	0.251475   0.4990192367653763
528	0.25658    0.4956639097508846
526	0.260624   0.49304803022502075
524	0.261579   0.49243559773940726
522	0.266715   0.48917600340561684
520	0.266849   0.4890917185805329
518	0.269356   0.48752183936489446
516	0.273763   0.4847939383955542
514	0.275026   0.4840194888535999
512	0.278722   0.4817715917034735
510	0.281177   0.48029342211305137
508	0.285484   0.47772839695165215
506	0.292612   0.47356024184060264
504	0.294954   0.4722111105649105
502	0.296196   0.4714996495679151
500	0.302304   0.4680404274906881
498	0.309655   0.46396225495307686
496	0.314951   0.4610797378058681
494	0.315125   0.4609858043035374
492	0.320368   0.45817796559691093
490	0.329987   0.45313728644071505
488	0.335802   0.45015704675744916
486	0.340307   0.4478817346421662
484	0.344734   0.4456736400930581
482	0.353585   0.44133922597580644
480	0.357986   0.43922271373089794
478	0.359127   0.43867808662729135
476	0.367927   0.4345330438758991
474	0.367057   0.43493853046460884
472	0.365492   0.4356702955512385
470	0.3758     0.4309054873690926
468	0.377329   0.4302095913502775
466	0.380983   0.4285576505426265
464	0.389188   0.42490417282876725
462	0.393623   0.42296082080015085
460	0.399481   0.42042682919993646
458	0.40582    0.4177259394976609
456	0.413883   0.4143505404525374
454	0.419297   0.41212076209076476
452	0.418203   0.4125689963938173
450	0.423627   0.4103581141019874
448	0.432535   0.40678818610048806
446	0.436852   0.40508474431488195
444	0.438367   0.4044909790530975
442	0.443549   0.40247565224730675
440	0.452183   0.39917043336605906
438	0.460406   0.3960819493293408
436	0.460328   0.3961109790949593
434	0.461937   0.3955131668224965
432	0.471713   0.39192637553709253
430	0.477822   0.3897237214957099
428	0.482536   0.3880438843152867
426	0.487561   0.38627187868761714
424	0.487743   0.38620805545715897
422	0.497729   0.38274372770219967
420	0.494968   0.3836942618850383
418	0.497198   0.3829261071461958
416	0.501374   0.3814972711248974
414	0.506585   0.3797316988888926
412	0.513332   0.3774738476658277
410	0.515105   0.3768857060917479
408	0.522346   0.37450570461217914
406	0.521451   0.37479798125326513
404	0.528261   0.3725873072471537
402	0.5271     0.3729620489733474
400	0.523499   0.3741299543923675
398	0.526452   0.37317158817293716
396	0.533684   0.37084840893133997
394	0.540004   0.36884546247572425
392	0.534255   0.37066641075335394
390	0.529334   0.37224174630714946
388	0.532509   0.37122357639346903
386	0.540917   0.3685581808285827
384	0.529385   0.3722253402187752
382	0.516243   0.3765093315278434
380	0.517368   0.3761381163113542
378	0.50152    0.38144754234379996
376	0.546717   0.3667451875870933
374	0.538004   0.3694765916710383
372	0.538452   0.36933500144767395
370	0.514203   0.377184651331431
368	0.519386   0.37547437011069773
366	0.537657   0.3695863473214045
364	0.543855   0.3676372221097828
362	0.551121   0.3653822612210902
360	0.570614   0.35948711275985623
358	0.591382   0.3534415046917643
356	0.604693   0.34968717361950064
354	0.623006   0.34466783032970505
352	0.638153   0.3406379706423437
350	0.654888   0.33630759193077653
348	0.716063   0.3214762440149159
346	0.736876   0.31675690662226486
344	0.775259   0.30844458873966607
342	0.811741   0.3009777984753532
340	0.872095   0.28945805836588034
338	0.938867   0.2777814381793573
336	0.961977   0.27397411240501723
334	1.041019   0.2617611326966123
332	1.121921   0.25041125376809736
330	1.24597    0.23490529668983573
328	1.384631   0.21980652532289602
326	1.379729   0.22030543954665527
324	1.42063    0.2162140689878873
322	1.574455   0.20215262740391804
320	1.574455   0.20215262740391804
318	1.574455   0.20215262740391804
316	1.63324    0.1972693725908763
314	1.656414   0.1954110866746217
312	1.708736   0.19134633653985134
310	1.73082    0.18968287807997264
308	1.755946   0.18782638539557128
306	1.788942   0.18544483668984935
304	1.855876   0.18080072491408217
302	1.888521   0.178621819690703
300	1.910382   0.17719276653591365
298	1.889028   0.17858840746450166
296	1.945976   0.17491580711786048
294	1.947663   0.17480938655968714
292	1.933548   0.1757039383634469
290	1.96427    0.17376885631630667
288	1.996723   0.17177189622333477
286	1.967448   0.1735711894186891
284	1.966859   0.17360778933508714
282	1.99016    0.17217191883287075
280	1.997748   0.1717095941208444
278	1.980212   0.17278193587658564
276	1.938617   0.17538160056530838
274	1.945731   0.17493127350207072
272	1.946356   0.17489182402081171
270	1.965649   0.17368302757107346
268	1.955631   0.17430854329689405
266	1.907251   0.17739598974744064
264	1.936167   0.17553724360581802
262	1.945518   0.17494472208006728
260	1.942961   0.17510633482680849
258	1.937984   0.1754217863555727
256	1.951738   0.17455287461782643
254	1.963672   0.1738061029389959
252	1.956223   0.17427145014709167
250	1.97102    0.17334956901639353
